10001
9829
9679
9531
9399
9299
9691
11155
11852
11852
11567
11150
10636
10366
10207
10071
9949
9786
9621
9453
9301
9159
9035
9511
10905
11503
11452
11161
10737
10224
9997
9867
9771
9664
9521
9366
9209
9057
8916
8832
9450
10789
11295
11242
10967
10570
10120
9952
9885
9823
9716
9582
9432
9286
9147
9035
8945
9670
11082
11555
11494
11193
10758
10276
10071
9957
9872
9762
9621
9458
9307
9170
9048
8961
9711
11155
11631
11579
11280
10862
10371
10149
10030
9933
9814
9678
9519
9363
9211
9093
8996
9833
11237
11619
11521
11179
10717
10200
9969
9827
9705
9589
9444
9272
9106
8954
8820
8732
9698
10950
11208
11065
10729
10242
9829
9667
9565
9484
9386
9241
9087
8945
8820
8695
8694
9940
11039
11193
11059
10738
10250
9949
9833
9765
9698
9580
9447
9307
9157
9038
8947
8986
10377
11442
11558
11375
11007
10519
10184
10044
9957
9876
9754
9611
9455
9322
9189
9081
9159
10598
11620
11727
11539
11156
10677
10339
10195
10110
10020
9894
9748
9589
9443
9325
9214
9421
10899
11747
11802
11571
11170
10650
10383
10239
10149
10041
9911
9756
9580
9408
9241
9119
9472
10900
11570
11541
11251
10805
10293
10070
9946
9855
9745
9612
9461
9298
9148
9020
8927
9647
10924
11269
11143
10809
10331
9934
9782
9713
9643
9560
9446
9331
9221
9136
9058
9003
10068
11308
11544
11398
11051
10572
10224
10082
10012
9946
9833
9695
9539
9403
9275
9191
9142
10395
11619
11835
11678
11312
10856
10477
10339
10238
10157
10039
9890
9736
9594
9463
9360
9406
10833
11868
11994
11784
11391
10915
10598
10458
10346
10248
10128
9986
9838
9681
9547
9438
9707
11193
11956
11962
11672
11256
10720
10454
10294
10168
10052
9907
9745
9582
9434
9304
9200
9702
11095
11622
11552
11234
10770
10311
10133
10020
9926
9818
9673
9516
9365
9218
9089
8996
9884
11132
11407
11257
10903
10416
10065
9951
9896
9850
9782
9688
9565
9449
9341
9244
9177
10203
11538
11823
11703
11346
10892
10506
10364
10273
10198
10087
9943
9783
9646
9516
9409
9356
10589
11837
12074
11909
11553
11111
10728
10566
10464
10371
10252
10099
9939
9801
9661
9562
9568
10996
12063
12203
11984
11611
11149
10822
10676
10558
10454
10323
10175
10029
9875
9731
9624
9704
11175
12093
12168
11904
11488
10960
10670
10490
10364
10235
10096
9926
9756
9594
9449
9336
9453
10851
11687
11712
11442
11018
10511
10268
10145
10046
9942
9803
9646
9496
9351
9221
9116
9478
10845
11485
11448
11158
10747
10293
10145
10102
10065
9981
9865
9717
9586
9463
9365
9273
9859
11324
11851
11806
11489
11077
10606
10427
10323
10239
10137
9988
9824
9691
9553
9432
9345
9995
11503
12019
11967
11660
11237
10769
10566
10435
10346
10230
10099
9936
9778
9638
9514
9424
10261
11695
12081
11979
11633
11205
10766
10564
10448
10360
10235
10094
9925
9771
9632
9513
9412
10218
11619
11997
11878
11500
11021
10557
10348
10216
10097
9978
9823
9663
9493
9351
9206
9124
10142
11338
11544
11352
10964
10450
10105
9975
9884
9797
9681
9534
9382
9235
9095
8991
9048
10346
11288
11340
11129
10740
10256
10067
10007
9969
9901
9795
9658
9514
9389
9273
9186
9418
10899
11729
11779
11532
11126
10631
10384
10270
10194
10099
9969
9817
9664
9528
9409
9316
9876
11384
11970
11944
11637
11231
10747
10545
10424
10328
10221
10091
9931
9777
9647
9527
9423
9934
11454
12086
12084
11770
11375
10892
10676
10554
10458
10352
10212
10055
9904
9772
9635
9540
9879
11379
12083
12066
11733
11306
10792
10572
10430
10328
10213
10082
9917
9759
9618
9482
9383
9687
11080
11778
11752
11448
11027
10543
10357
10255
10155
10055
9926
9777
9632
9501
9380
9290
9647
11045
11730
11732
11478
11101
10674
10534
10467
10406
10323
10189
10047
9910
9788
9681
9594
10035
11549
12200
12197
11907
11526
11051
10860
10743
10645
10540
10387
10226
10090
9952
9835
9733
9989
11552
12350
12428
12141
11787
11311
11063
10903
10790
10674
10525
10369
10219
10079
9946
9833
9812
11172
12275
12460
12225
11851
11372
10993
10804
10642
10499
10346
10189
10020
9876
9722
9598
9496
10335
11671
12025
11890
11529
11092
10660
10497
10358
10252
10136
9977
9832
9681
9533
9418
9325
10233
11527
11864
11764
11443
11025
10660
10529
10438
10354
10232
10091
9930
9794
9663
9554
9455
10120
11600
12116
12077
11749
11358
10903
10702
10572
10465
10351
10192
10036
9890
9760
9644
9542
9844
11384
12162
12225
11951
11561
11088
10816
10671
10561
10447
10300
10145
9986
9847
9708
9598
9594
10986
12078
12244
12034
11639
11164
10822
10659
10546
10427
10281
10110
9917
9724
9554
9406
9356
10595
11726
11866
11655
11253
10741
10415
10270
10163
10064
9928
9754
9591
9431
9296
9182
9287
10592
11439
11448
11181
10755
10236
10012
9907
9840
9740
9626
9484
9365
9254
9177
9116
9328
10763
11590
11623
11378
10963
10461
10241
10149
10071
9972
9830
9673
9524
9386
9263
9170
9205
10639
11721
11846
11648
11268
10789
10450
10320
10223
10128
10003
9846
9690
9542
9408
9308
9347
10790
11835
11950
11742
11352
10877
10548
10401
10303
10200
10078
9923
9765
9621
9489
9379
9350
10647
11794
11976
11778
11387
10871
10520
10354
10212
10093
9940
9780
9615
9473
9330
9214
9150
10285
11462
11629
11442
11050
10537
10218
10099
10001
9905
9786
9647
9492
9344
9209
9090
9055
10226
11314
11454
11260
10879
10366
10090
9998
9951
9902
9817
9720
9601
9496
9402
9301
9254
10372
11637
11887
11745
11390
10926
10572
10445
10355
10282
10161
10010
9869
9731
9609
9508
9434
9955
11500
12124
12145
11849
11475
11016
10784
10671
10561
10448
10310
10152
10004
9873
9753
9644
9766
11286
12202
12319
12072
11710
11243
10952
10815
10686
10572
10432
10284
10131
9989
9864
9748
9696
10953
12113
12316
12130
11747
11269
10905
10720
10564
10419
10261
10100
9939
9778
9640
9504
9405
10076
11466
11898
11813
11485
11042
10595
10406
10281
10171
10050
9904
9751
9579
9438
9318
9211
9707
11071
11610
11567
11268
10844
10392
10245
10163
10122
10049
9933
9795
9659
9543
9435
9337
9485
10960
11846
11927
11691
11311
10822
10552
10427
10331
10232
10085
9937
9775
9646
9519
9417
9344
10491
11785
12067
11938
11573
11158
10735
10561
10458
10351
10223
10070
9916
9760
9623
9514
9420
10036
11527
12072
12063
11744
11347
10862
10654
10526
10416
10293
10146
9984
9833
9699
9556
9458
9583
11042
11950
12023
11773
11362
10850
10548
10386
10245
10116
9969
9804
9644
9485
9339
9217
9125
9957
11282
11631
11517
11169
10703
10273
10116
10001
9905
9798
9647
9493
9341
9206
9090
8988
9748
11033
11419
11315
10996
10545
10171
10055
10013
9968
9879
9751
9617
9484
9362
9263
9179
9716
11182
11782
11765
11477
11074
10595
10393
10288
10207
10100
9963
9806
9653
9525
9411
9319
9431
10909
11878
11994
11779
11413
10937
10641
10496
10387
10285
10152
9997
9847
9704
9580
9472
9412
10548
11837
12125
11984
11634
11204
10802
10635
10520
10416
10284
10143
9988
9844
9699
9574
9472
9696
11150
11950
11982
11709
11318
10821
10561
10416
10305
10195
10050
9896
9753
9600
9473
9350
9266
10226
11457
11753
11605
11242
10769
10416
10267
10174
10081
9974
9838
9684
9563
9453
9362
9298
10198
11526
11883
11782
11454
11013
10641
10520
10435
10355
10239
10091
9940
9807
9687
9580
9498
9827
11355
12106
12164
11892
11533
11051
10822
10689
10581
10465
10326
10178
10033
9888
9775
9666
9597
10679
11996
12313
12194
11845
11471
11042
10856
10723
10615
10485
10320
10180
10036
9894
9763
9670
9923
11423
12217
12287
12003
11625
11137
10866
10708
10560
10403
10226
10047
9887
9749
9615
9482
9380
10114
11501
11916
11831
11494
11073
10619
10430
10297
10180
10050
9902
9753
9606
9464
9339
9234
9391
10734
11584
11626
11384
11001
10540
10322
10248
10195
10114
9992
9865
9714
9592
9485
9383
9312
10438
11695
11944
11811
11446
11025
10627
10482
10377
10291
10151
10001
9853
9716
9582
9475
9374
9710
11217
12008
12061
11800
11423
10949
10682
10564
10450
10334
10192
10042
9885
9753
9629
9522
9444
10477
11840
12180
12064
11709
11317
10874
10696
10569
10447
10311
10163
10000
9823
9664
9510
9374
9629
11089
11872
11878
11604
11211
10712
10450
10293
10172
10041
9898
9742
9598
9450
9312
9182
9110
10178
11379
11578
11416
11057
10577
10213
10076
9989
9902
9791
9664
9540
9435
9336
9263
9191
9972
11378
11761
11689
11352
10947
10505
10342
10253
10168
10039
9898
9733
9591
9458
9345
9250
9374
10870
11843
11932
11729
11344
10882
10566
10435
10335
10230
10099
9934
9778
9641
9507
9424
9334
10177
11636
12031
11953
11626
11222
10758
10570
10444
10345
10224
10067
9916
9760
9611
9502
9405
9740
11240
11953
11964
11674
11279
10770
10520
10380
10253
10091
9904
9720
9542
9397
9258
9128
9058
10133
11379
11564
11391
11021
10528
10166
10017
9910
9812
9684
9534
9379
9231
9086
8968
8884
9856
11054
11254
11095
10738
10241
9898
9792
9745
9701
9643
9533
9409
9276
9176
9075
9000
9971
11306
11571
11454
11134
10679
10258
10108
10018
9942
9823
9669
9518
9383
9249
9142
9060
9698
11207
11739
11712
11414
11015
10520
10308
10189
10097
9988
9850
9695
9542
9408
9289
9193
9760
11243
11810
11788
11501
11086
10598
10374
10256
10160
10047
9904
9749
9586
9456
9333
9235
9308
10732
11727
11823
11613
11208
10711
10409
10284
10190
10082
9926
9754
9563
9403
9254
9131
9063
10079
11327
11555
11405
11040
10549
10177
10041
9945
9869
9760
9615
9456
9313
9182
9069
8997
10026
11144
11317
11137
10770
10258
9977
9882
9840
9783
9695
9605
9501
9408
9316
9243
9182
10139
11443
11735
11626
11288
10825
10456
10337
10255
10189
10085
9934
9792
9650
9540
9438
9359
10042
11523
12034
12000
11701
11311
10850
10662
10538
10442
10326
10192
10030
9887
9759
9638
9542
9659
11192
12090
12214
11973
11607
11158
10845
10697
10580
10471
10328
10163
10015
9878
9746
9630
9572
10757
11956
12193
12022
11648
11199
10827
10660
10537
10430
10284
10128
9952
9792
9620
9455
9345
10003
11410
11826
11739
11391
10949
10500
10302
10194
10087
9966
9817
9664
9508
9357
9237
9131
9644
10967
11451
11361
11037
10577
10133
9963
9873
9801
9699
9566
9435
9295
9182
9096
9037
9518
10931
11538
11501
11236
10818
10355
10175
10084
10024
9922
9783
9637
9493
9359
9246
9154
9299
10792
11720
11820
11608
11228
10760
10470
10328
10233
10134
10006
9849
9696
9556
9426
9313
9331
10737
11813
11971
11781
11408
10966
10606
10458
10343
10238
10108
9960
9811
9658
9519
9412
9359
10606
11771
11984
11816
11431
10975
10570
10390
10248
10105
9969
9798
9638
9482
9334
9208
9131
10203
11407
11626
11465
11092
10612
10247
10100
9995
9890
9771
9637
9475
9331
9199
9089
9003
9945
11170
11446
11320
10987
10526
10183
10084
10035
10000
9913
9807
9676
9545
9429
9330
9250
10084
11475
11872
11784
11471
11066
10631
10470
10369
10291
10181
10038
9888
9739
9617
9511
9420
9814
11341
12066
12112
11839
11468
11010
10754
10619
10519
10403
10270
10125
9968
9838
9716
9618
9637
11080
12110
12275
12064
11697
11251
10918
10754
10635
10517
10386
10230
10076
9936
9812
9690
9594
10546
11877
12228
12115
11755
11327
10897
10682
10529
10393
10233
10090
9933
9772
9626
9490
9388
9833
11233
11803
11759
11449
11030
10545
10335
10213
10097
9972
9843
9688
9533
9409
9264
9168
9455
10796
11504
11504
11239
10833
10348
10152
10075
10035
9981
9879
9757
9624
9502
9405
9327
9560
11008
11816
11869
11619
11228
10738
10503
10381
10290
10187
10047
9908
9749
9615
9492
9392
9428
10856
11901
12063
11866
11491
11047
10703
10558
10444
10349
10216
10059
9899
9754
9626
9518
9473
10763
11939
12139
11967
11596
11156
10789
10627
10502
10401
10276
10129
9975
9818
9699
9585
9490
10427
11790
12135
12008
11640
11210
10757
10541
10384
10244
10096
9937
9785
9627
9479
9359
9255
9836
11214
11700
11613
11275
10834
10377
10197
10099
10009
9894
9751
9592
9450
9308
9186
9096
9809
11097
11491
11382
11050
10599
10200
10096
10044
10027
9951
9841
9702
9582
9469
9368
9301
9954
11398
11903
11855
11541
11137
10677
10502
10398
10323
10223
10079
9917
9775
9641
9543
9449
9949
11485
12101
12099
11797
11404
10934
10715
10575
10480
10357
10221
10056
9908
9772
9646
9539
9789
11321
12138
12182
11909
11527
11047
10781
10641
10537
10416
10268
10114
9962
9818
9688
9571
9504
10622
11897
12157
12002
11614
11173
10786
10630
10512
10403
10271
10107
9948
9792
9653
9527
9417
10013
11417
11855
11765
11417
10969
10505
10325
10210
10082
9960
9815
9649
9492
9354
9228
9121
9368
10737
11446
11420
11150
10720
10239
10027
9928
9852
9748
9621
9473
9336
9214
9102
9012
9183
10621
11500
11549
11335
10946
10458
10242
10154
10085
10001
9862
9708
9559
9428
9315
9229
9266
10703
11736
11852
11665
11289
10813
10502
10372
10274
10178
10042
9891
9745
9611
9479
9368
9307
10546
11784
12019
11866
11503
11076
10679
10537
10412
10317
10194
10041
9879
9724
9586
9470
9379
10311
11634
11916
11764
11388
10941
10508
10326
10186
10078
9939
9795
9637
9476
9331
9200
9112
9772
11132
11556
11454
11134
10694
10239
10079
9977
9898
9771
9650
9492
9347
9225
9125
9049
9652
11094
11628
11602
11320
10909
10465
10299
10198
10137
10033
9881
9742
9606
9475
9360
9267
9452
10981
11848
11932
11692
11298
10827
10551
10427
10331
10236
10107
9951
9792
9650
9531
9432
9420
10825
11907
12066
11877
11485
11030
10682
10540
10430
10322
10194
10046
9891
9748
9617
9502
9426
10491
11778
12038
11906
11523
11068
10654
10458
10316
10184
10056
9901
9737
9579
9437
9302
9206
9901
11259
11663
11564
11227
10773
10323
10155
10035
9949
9830
9681
9528
9380
9231
9107
9017
9710
11008
11398
11292
10964
10500
10102
9965
9913
9859
9801
9679
9556
9432
9319
9214
9139
9626
11092
11709
11701
11420
11013
10529
10335
10236
10160
10062
9926
9777
9627
9501
9391
9308
9447
10941
11878
11984
11762
11384
10926
10636
10514
10412
10311
10195
10039
9898
9757
9638
9531
9513
10856
11994
12186
12002
11623
11172
10804
10636
10485
10340
10171
10003
9835
9688
9542
9418
9327
10172
11546
11897
11791
11449
11028
10586
10412
10290
10180
10058
9923
9769
9620
9484
9368
9270
9969
11338
11773
11698
11399
11001
10603
10462
10375
10302
10198
10050
9904
9768
9643
9524
9444
9858
11343
12028
12020
11724
11332
10850
10635
10525
10413
10302
10161
10021
9862
9727
9618
9502
9473
10798
11976
12161
11982
11602
11169
10795
10644
10519
10368
10187
9959
9749
9569
9418
9298
9196
10046
11422
11781
11655
11304
10899
10454
10250
10133
10047
9928
9778
9637
9496
9388
9307
9243
10259
11605
11889
11765
11437
10999
10610
10451
10366
10271
10139
9983
9817
9656
9524
9423
9327
10505
11778
12013
11852
11518
11094
10712
10549
10458
10360
10230
10055
9881
9713
9577
9447
9347
10558
11729
11837
11591
11199
10732
10334
10161
10050
9939
9785
9638
9453
9272
9131
8999
8994
10258
11259
11329
11112
10729
10183
9891
9777
9717
9626
9496
9331
9145
8993
8858
8742
9017
10281
11019
11007
10766
10346
9818
9559
9446
9371
9279
9167
9017
8860
8719
8593
8494
8947
10253
10923
10892
10639
10245
9705
9437
9281
9185
9064
8921
8849
8901
9035
9206
9362
10474
12147
12501
12507
12089
11471
10807
10502
10343
10201
10001
9775
9566
9370
9202
9034
8896
9685
11178
11613
11527
11196
10741
10232
9984
9853
9754
9608
9435
9244
9075
8912
8780
8733
10084
11243
11375
11185
10775
10239
9846
9664
9569
9472
9330
9164
8976
8803
8663
8539
9292
10651
11074
10935
10587
10068
9594
9365
9290
9209
9089
8938
8761
8603
8459
8338
8607
9896
10622
10558
10252
9782
9263
9026
8932
8883
8799
8678
8524
8373
8236
8121
8126
9304
10221
10253
9975
9534
9022
8758
8655
8629
8582
8477
8356
8211
8091
7985
7923
8936
9984
10175
9925
9533
9005
8718
8603
8567
8523
8440
8312
8173
8039
7932
7850
8764
9902
10190
9986
9621
9109
8784
8649
8622
8603
8530
8411
8275
8156
8051
7963
8741
9916
10323
10142
9811
9312
8939
8794
8751
8729
8668
8555
8408
8280
8182
8092
8628
9988
10653
10575
10334
9930
9479
9312
9255
9234
9168
9061
8918
8779
8660
8579
8933
10451
11251
11237
10990
10592
10087
9838
9727
9661
9580
9453
9302
9153
9014
8896
9006
10540
11535
11585
11376
10982
10526
10171
10026
9922
9833
9708
9534
9380
9232
9098
9102
10545
11610
11707
11480
11074
10596
10244
10082
9983
9896
9757
9589
9423
9261
9131
9220
10674
11590
11613
11340
10912
10386
10087
9920
9809
9699
9554
9383
9214
9063
8925
9221
10622
11336
11269
10958
10514
10001
9772
9649
9571
9466
9324
9159
8994
8829
8707
9258
10554
11071
10931
10595
10119
9672
9476
9383
9331
9257
9112
8965
8826
8726
8636
9366
10744
11213
11109
10793
10346
9893
9714
9634
9571
9479
9334
9176
9023
8892
8796
9429
10935
11517
11466
11161
10731
10250
10007
9896
9807
9710
9569
9411
9264
9119
9002
9612
11141
11716
11678
11356
10935
10439
10203
10052
9963
9853
9705
9542
9371
9234
9116
9872
11330
11794
11697
11353
10905
10418
10212
10081
9989
9875
9724
9547
9374
9206
9081
9858
11263
11672
11530
11167
10694
10236
10026
9901
9809
9687
9534
9371
9205
9054
8951
10033
11198
11376
11163
10749
10227
9890
9745
9655
9591
9464
9318
9159
9005
8887
8849
10154
11254
11394
11193
10830
10316
10055
9957
9896
9833
9717
9571
9414
9284
9162
9215
10729
11735
11822
11571
11158
10667
10381
10242
10160
10082
9954
9786
9632
9490
9370
9569
11156
12017
12060
11770
11361
10859
10595
10450
10366
10271
10129
9963
9804
9650
9528
10023
11570
12174
12122
11765
11341
10847
10636
10505
10404
10302
10143
9980
9818
9673
9543
10000
11517
12103
12011
11645
11196
10706
10502
10357
10256
10136
9984
9817
9646
9496
9370
10104
11443
11796
11634
11234
10725
10343
10209
10119
10024
9914
9757
9591
9434
9293
9194
10122
11405
11649
11462
11063
10545
10227
10133
10090
10067
9998
9875
9749
9620
9507
9418
10334
11764
12116
11982
11602
11155
10760
10612
10514
10441
10322
10157
10021
9867
9740
9635
10212
11829
12414
12368
12016
11640
11155
10955
10813
10726
10630
10465
10308
10146
10003
9885
10325
11944
12594
12550
12206
11814
11324
11091
10955
10847
10729
10578
10410
10259
10105
9980
10038
11599
12533
12603
12292
11889
11385
11121
10960
10822
10691
10531
10349
10169
10004
9865
9769
10949
12157
12345
12098
11680
11164
10853
10708
10587
10473
10345
10174
10013
9847
9704
9586
10574
11816
12026
11800
11398
10871
10578
10473
10389
10311
10198
10070
9940
9833
9742
9659
10319
11826
12292
12188
11826
11379
10978
10851
10738
10656
10538
10392
10232
10093
9965
9856
9901
11520
12513
12612
12331
11961
11489
11214
11063
10958
10856
10700
10555
10392
10258
10123
10020
10989
12470
12849
12699
12328
11944
11498
11303
11164
11039
10918
10749
10590
10436
10285
10161
10265
11883
12772
12840
12524
12154
11649
11376
11195
11047
10889
10734
10543
10371
10206
10061
9946
10522
12075
12569
12447
12072
11658
11201
11015
10860
10735
10613
10444
10276
10122
9965
9830
9774
11123
12145
12240
11955
11546
11028
10787
10664
10574
10464
10348
10210
10079
9965
9870
9786
10331
11907
12464
12406
12060
11662
11230
11056
10928
10828
10717
10567
10413
10273
10131
10010
9917
11024
12437
12753
12592
12238
11861
11433
11237
11097
10981
10847
10693
10540
10386
10250
10126
10085
11590
12705
12888
12634
12280
11846
11480
11309
11147
11028
10888
10735
10569
10421
10276
10143
10129
11660
12702
12856
12560
12205
11716
11384
11198
11044
10870
10697
10519
10360
10197
10052
9907
9870
11323
12360
12458
12173
11788
11285
11002
10836
10679
10569
10419
10253
10090
9952
9809
9679
9959
11451
12110
12075
11735
11327
10841
10668
10563
10482
10396
10288
10168
10056
9943
9832
9737
10386
11918
12397
12324
11968
11570
11121
10955
10825
10720
10609
10451
10296
10157
10015
9898
9807
10786
12240
12605
12469
12104
11718
11283
11094
10950
10842
10703
10557
10393
10248
10097
9974
9884
10972
12363
12682
12531
12150
11744
11317
11115
10978
10854
10717
10570
10396
10245
10093
9959
9864
10902
12272
12566
12392
11984
11544
11095
10885
10728
10593
10442
10279
10108
9945
9780
9649
9588
10905
11939
12041
11802
11382
10854
10593
10456
10354
10236
10108
9949
9786
9637
9510
9386
9646
11103
11796
11787
11504
11097
10635
10476
10404
10352
10255
10122
9980
9838
9714
9597
9505
9957
11530
12144
12138
11823
11431
10955
10746
10624
10535
10419
10271
10114
9963
9827
9704
9606
10059
11669
12327
12344
12026
11639
11147
10915
10773
10677
10548
10404
10233
10084
9940
9815
9704
10107
11707
12380
12403
12066
11669
11178
10934
10789
10673
10543
10386
10221
10047
9881
9714
9579
9872
11399
12121
12119
11793
11372
10859
10631
10476
10360
10232
10078
9911
9754
9611
9470
9342
9653
11082
11744
11718
11402
10969
10473
10276
10168
10082
9968
9832
9682
9547
9434
9341
9269
9801
11280
11817
11782
11468
11030
10566
10392
10293
10207
10100
9939
9789
9641
9504
9395
9301
9612
11170
11950
11987
11716
11308
10816
10566
10454
10363
10250
10100
9942
9791
9640
9519
9408
9482
11001
12000
12121
11886
11483
11005
10685
10526
10435
10326
10184
10015
9852
9699
9559
9441
9698
11230
12025
12058
11781
11352
10844
10583
10459
10363
10255
10110
9943
9788
9630
9499
9380
9852
11324
11878
11806
11459
10992
10490
10268
10151
10049
9926
9783
9621
9449
9301
9174
9054
9653
10998
11452
11344
11007
10520
10081
9911
9824
9745
9646
9496
9339
9194
9055
8939
8846
9707
10990
11321
11205
10883
10419
10070
9972
9923
9878
9775
9637
9484
9339
9212
9116
9067
10340
11555
11729
11564
11179
10706
10351
10204
10139
10052
9928
9775
9630
9475
9354
9238
9189
10442
11724
11971
11825
11440
10993
10589
10432
10331
10233
10104
9955
9791
9647
9513
9399
9389
10781
11878
12032
11825
11427
10932
10601
10453
10351
10244
10122
9952
9795
9621
9475
9339
9321
10644
11686
11799
11562
11161
10644
10339
10192
10091
9994
9873
9722
9551
9405
9269
9148
9206
10505
11433
11485
11245
10825
10306
10067
9974
9902
9826
9698
9565
9434
9318
9220
9148
9316
10744
11640
11707
11481
11079
10586
10371
10279
10212
10122
9998
9844
9705
9576
9476
9370
9453
10931
11944
12075
11848
11477
11002
10708
10575
10487
10395
10264
10119
9960
9829
9699
9598
9663
11158
12139
12281
12045
11671
11195
10894
10752
10638
10534
10398
10247
10087
9949
9824
9701
9698
11103
12148
12310
12080
11681
11199
10865
10699
10557
10406
10259
10084
9910
9760
9612
9490
9399
10259
11587
11926
11797
11433
10970
10560
10390
10273
10175
10052
9907
9751
9601
9453
9333
9246
10273
11419
11642
11460
11092
10607
10303
10194
10163
10128
10046
9920
9777
9656
9533
9437
9377
10558
11759
11991
11822
11440
10984
10636
10503
10409
10317
10186
10046
9894
9745
9618
9521
9437
10369
11778
12170
12077
11739
11330
10892
10697
10584
10493
10366
10219
10058
9907
9765
9646
9554
10371
11811
12251
12173
11837
11443
10981
10776
10644
10543
10413
10264
10105
9955
9820
9696
9588
9872
11393
12153
12191
11900
11489
10972
10699
10531
10396
10258
10107
9940
9769
9624
9475
9370
9356
10654
11669
11794
11575
11170
10667
10371
10248
10140
10044
9919
9762
9605
9463
9325
9215
9182
10406
11443
11578
11385
11019
10512
10281
10207
10180
10113
10007
9870
9728
9600
9490
9400
9336
10509
11742
11977
11839
11469
11022
10656
10522
10419
10331
10195
10047
9898
9762
9634
9536
9429
9879
11436
12125
12165
11887
11500
11028
10784
10644
10543
10427
10288
10140
9992
9830
9716
9615
9711
11216
12135
12264
12016
11642
11163
10873
10717
10601
10488
10345
10194
10041
9898
9757
9641
9557
10377
11770
12150
12035
11652
11221
10758
10577
10432
10303
10168
10026
9861
9702
9562
9432
9327
9768
11146
11713
11668
11372
10935
10468
10276
10168
10079
9969
9827
9685
9528
9399
9281
9189
9431
10838
11637
11710
11485
11094
10619
10429
10337
10282
10180
10046
9891
9736
9614
9499
9406
9400
10784
11880
12052
11868
11501
11045
10714
10586
10490
10398
10256
10104
9955
9807
9681
9583
9502
10592
11922
12238
12109
11761
11355
10929
10763
10641
10541
10416
10264
10108
9957
9817
9693
9606
10108
11607
12226
12203
11869
11468
10947
10694
10540
10422
10290
10142
9978
9817
9658
9524
9408
9409
10732
11738
11845
11628
11239
10737
10461
10331
10233
10114
9978
9830
9687
9545
9418
9296
9214
10079
11379
11729
11648
11338
10931
10567
10459
10384
10310
10194
10065
9905
9785
9650
9543
9458
9739
11243
12052
12109
11854
11491
11011
10769
10633
10538
10432
10285
10129
9972
9835
9730
9620
9572
10870
12069
12305
12139
11778
11379
10981
10816
10693
10587
10454
10302
10142
9998
9869
9748
9664
10493
11913
12336
12257
11909
11515
11073
10865
10723
10598
10470
10319
10137
9962
9797
9624
9495
9632
11086
11962
12028
11761
11365
10863
10583
10435
10310
10186
10050
9894
9728
9577
9440
9312
9234
10335
11456
11637
11457
11098
10599
10276
10155
10073
9974
9864
9737
9620
9519
9432
9347
9269
9984
11364
11811
11744
11422
11005
10558
10392
10305
10216
10087
9940
9795
9658
9518
9417
9315
9431
10934
11878
11996
11785
11414
10963
10635
10491
10389
10285
10149
10003
9838
9695
9563
9458
9374
10454
11785
12103
11980
11631
11228
10795
10610
10479
10378
10255
10107
9943
9798
9667
9539
9447
9746
11246
12009
12061
11778
11367
10851
10578
10413
10274
10142
10001
9847
9695
9537
9402
9278
9197
10268
11488
11736
11575
11213
10746
10378
10224
10125
10027
9896
9760
9608
9470
9344
9226
9135
9818
11137
11570
11501
11195
10767
10348
10221
10168
10136
10047
9933
9803
9664
9547
9452
9363
9405
10827
11854
11993
11813
11451
11010
10686
10577
10479
10378
10244
10090
9945
9817
9690
9586
9507
10233
11710
12220
12186
11883
11520
11048
10833
10700
10599
10476
10329
10172
10023
9888
9757
9652
9760
11250
12167
12299
12055
11698
11236
10923
10773
10653
10531
10386
10232
10071
9917
9769
9643
9536
10451
11745
12069
11938
11591
11152
10717
10543
10407
10285
10157
10007
9849
9691
9543
9414
9308
9865
11211
11680
11607
11303
10876
10416
10233
10117
10029
9917
9765
9623
9475
9354
9240
9144
9298
10718
11626
11707
11497
11137
10653
10412
10313
10230
10139
10009
9847
9695
9553
9431
9330
9264
10354
11674
11967
11861
11517
11109
10683
10520
10407
10308
10172
10018
9852
9708
9579
9463
9373
9891
11408
12032
12046
11761
11390
10906
10668
10523
10418
10294
10146
9986
9835
9693
9559
9444
9423
10766
11851
12006
11799
11422
10944
10560
10389
10261
10133
9997
9847
9675
9527
9371
9254
9150
10055
11347
11639
11527
11181
10737
10313
10142
10035
9931
9812
9670
9508
9365
9238
9119
9015
9322
10731
11504
11544
11332
10960
10474
10270
10180
10111
10017
9881
9730
9582
9450
9337
9237
9176
10383
11620
11854
11721
11375
10950
10561
10413
10311
10209
10081
9928
9777
9630
9513
9400
9310
9972
11456
11985
11973
11680
11306
10838
10616
10471
10372
10258
10116
9960
9807
9678
9543
9447
9531
11007
11977
12099
11892
11529
11077
10729
10566
10445
10319
10161
9997
9804
9653
9478
9363
9278
10340
11607
11857
11723
11372
10935
10525
10351
10216
10105
9989
9838
9676
9527
9388
9266
9160
9853
11175
11613
11539
11236
10813
10381
10226
10133
10070
9995
9902
9797
9678
9560
9458
9363
9579
11051
11855
11938
11704
11338
10853
10604
10490
10400
10297
10168
10009
9864
9734
9614
9519
9441
10410
11799
12179
12103
11778
11396
10953
10764
10636
10541
10422
10276
10125
9977
9847
9727
9641
10145
11651
12263
12278
11990
11622
11143
10909
10766
10660
10534
10395
10233
10076
9914
9762
9620
9589
10918
11921
12060
11845
11472
10995
10654
10502
10381
10259
10119
9975
9804
9655
9502
9380
9287
10328
11478
11691
11526
11176
10694
10352
10223
10128
10041
9931
9807
9685
9583
9489
9414
9348
10113
11462
11846
11785
11446
11028
10599
10438
10329
10255
10133
9983
9821
9693
9554
9438
9354
9740
11260
11938
11976
11704
11327
10845
10598
10468
10375
10258
10111
9951
9797
9658
9528
9423
9482
10960
11932
12061
11857
11486
11033
10699
10548
10438
10322
10189
10030
9873
9724
9594
9470
9414
10625
11816
12029
11868
11486
11021
10622
10430
10277
10136
9984
9815
9661
9492
9341
9220
9119
9830
11176
11573
11488
11155
10708
10258
10091
9971
9875
9772
9630
9476
9318
9182
9054
8956
9563
10860
11326
11240
10953
10517
10081
9936
9879
9849
9786
9673
9548
9418
9299
9205
9119
9337
10798
11637
11703
11474
11095
10599
10348
10238
10160
10068
9934
9782
9634
9501
9383
9279
9238
10532
11741
11970
11820
11468
11044
10680
10500
10395
10300
10187
10026
9865
9725
9592
9479
9414
10572
11842
12116
11990
11628
11230
10818
10650
10528
10429
10303
10163
10009
9861
9730
9609
9542
10598
11875
12168
12035
11668
11227
10802
10609
10473
10348
10219
10065
9905
9748
9606
9476
9391
9846
11265
11861
11851
11547
11137
10651
10470
10346
10258
10149
10015
9856
9708
9576
9447
9345
9711
11071
11713
11694
11427
11030
10574
10401
10339
10306
10242
10123
10001
9885
9756
9664
9569
9582
10967
12006
12188
11996
11642
11199
10886
10744
10657
10552
10424
10273
10125
9988
9858
9765
9670
10467
11926
12400
12344
12035
11697
11239
11030
10873
10760
10631
10485
10335
10178
10036
9914
9804
10068
11585
12383
12472
12202
11860
11393
11097
10940
10810
10683
10538
10380
10230
10085
9946
9840
9742
10770
12075
12403
12269
11907
11506
11077
10885
10737
10603
10441
10265
10082
9902
9745
9612
9505
10081
11471
11962
11897
11567
11144
10674
10476
10342
10227
10097
9952
9782
9643
9492
9350
9252
9661
10989
11568
11523
11225
10798
10329
10160
10078
10027
9945
9838
9727
9608
9496
9389
9295
9450
10871
11729
11806
11575
11178
10696
10439
10325
10244
10137
9995
9844
9701
9563
9443
9341
9260
10216
11620
11997
11915
11584
11190
10747
10549
10427
10325
10204
10053
9893
9748
9617
9493
9395
9728
11242
12003
12067
11797
11436
10957
10683
10535
10429
10311
10165
10012
9846
9702
9562
9424
9337
10389
11637
11910
11771
11414
10978
10555
10374
10248
10139
10004
9849
9699
9543
9408
9281
9176
9737
11069
11576
11530
11228
10818
10352
10172
10067
9984
9878
9751
9611
9481
9368
9272
9215
9502
10943
11703
11752
11526
11144
10670
10467
10369
10294
10200
10053
9911
9760
9632
9527
9428
9391
10706
11852
12086
11944
11594
11173
10805
10659
10548
10445
10325
10175
10032
9881
9757
9644
9560
10377
11781
12241
12180
11849
11494
11039
10839
10706
10601
10470
10334
10175
10024
9884
9771
9673
10041
11515
12200
12243
11951
11588
11083
10842
10677
10557
10393
10219
10044
9885
9737
9594
9485
9392
10371
11640
11932
11803
11449
11011
10612
10439
10311
10203
10068
9920
9762
9612
9470
9350
9247
9838
11150
11620
11571
11266
10856
10421
10261
10178
10145
10065
9954
9832
9699
9580
9476
9376
9566
11031
11835
11929
11700
11329
10841
10580
10462
10380
10271
10131
9986
9836
9696
9566
9469
9397
10473
11776
12112
12011
11686
11288
10847
10677
10548
10444
10320
10163
10017
9861
9724
9608
9507
9832
11367
12099
12188
11910
11546
11074
10786
10635
10519
10392
10232
10062
9884
9713
9548
9420
9342
10503
11687
11918
11764
11401
10952
10557
10384
10261
10148
10027
9878
9717
9562
9423
9301
9189
9907
11201
11587
11503
11184
10751
10331
10166
10079
10007
9901
9780
9679
9568
9464
9373
9267
9577
11031
11758
11803
11573
11184
10693
10473
10361
10290
10178
10044
9894
9742
9606
9495
9402
9356
10654
11816
12043
11904
11544
11132
10754
10589
10483
10383
10244
10093
9936
9797
9672
9571
9475
9951
11483
12132
12171
11897
11543
11062
10816
10670
10561
10442
10297
10139
10000
9855
9727
9618
9566
10883
12025
12234
12049
11678
11211
10809
10610
10454
10328
10189
10033
9875
9714
9563
9440
9336
9864
11288
11820
11790
11485
11080
10596
10400
10270
10169
10053
9911
9760
9606
9467
9345
9229
9409
10783
11600
11668
11449
11077
10598
10409
10351
10288
10210
10087
9933
9800
9678
9553
9461
9394
10497
11790
12064
11948
11588
11190
10781
10628
10520
10438
10308
10160
10006
9867
9734
9626
9534
10122
11643
12203
12202
11901
11541
11063
10848
10696
10596
10476
10319
10174
10020
9888
9760
9663
9630
11010
12125
12313
12125
11765
11335
10966
10802
10662
10549
10403
10221
10049
9864
9701
9568
9458
10172
11597
12017
11941
11602
11184
10731
10529
10384
10274
10142
9998
9833
9685
9531
9391
9290
9730
11101
11657
11599
11317
10889
10412
10219
10126
10041
9943
9818
9690
9585
9479
9392
9298
9331
10700
11710
11819
11626
11259
10775
10480
10364
10274
10181
10049
9887
9733
9597
9479
9376
9284
9963
11475
11982
11956
11662
11279
10807
10599
10458
10355
10241
10093
9931
9786
9653
9527
9424
9412
10804
11922
12081
11906
11535
11100
10709
10543
10410
10282
10108
9933
9760
9598
9443
9330
9221
10226
11532
11791
11665
11304
10870
10445
10265
10142
10030
9893
9753
9592
9432
9296
9159
9060
9696
11062
11498
11419
11114
10685
10238
10055
9963
9888
9821
9701
9571
9450
9334
9237
9145
9539
10989
11654
11662
11411
11016
10528
10305
10198
10116
10015
9867
9708
9568
9429
9315
9209
9150
10363
11634
11892
11770
11431
11015
10603
10447
10322
10226
10102
9962
9803
9666
9534
9411
9316
9960
11457
11985
11962
11671
11280
10784
10538
10375
10233
10090
9920
9748
9586
9432
9305
9185
9218
10551
11588
11703
11514
11137
10660
10325
10168
10047
9942
9811
9669
9504
9359
9231
9109
9008
10001
11237
11504
11382
11056
10639
10248
10125
10058
10003
9914
9774
9649
9514
9389
9289
9191
9618
11092
11774
11813
11543
11169
10676
10439
10310
10226
10122
9983
9818
9670
9537
9409
9308
9322
10732
11797
11971
11788
11417
10976
10612
10453
10352
10239
10102
9943
9780
9637
9507
9402
9298
10149
11567
11991
11927
11599
11196
10731
10525
10404
10288
10171
10012
9864
9702
9560
9428
9322
9579
11044
11813
11832
11571
11146
10644
10371
10221
10105
9991
9856
9693
9533
9376
9244
9121
9135
10429
11391
11498
11282
10888
10372
10071
9949
9852
9760
9620
9472
9308
9164
9031
8921
8840
9850
11047
11303
11185
10856
10393
10046
9933
9887
9838
9728
9594
9450
9310
9191
9093
9019
9725
11129
11608
11579
11279
10873
10398
10207
10088
10009
9893
9754
9597
9440
9312
9194
9104
9096
10448
11591
11799
11651
11294
10866
10476
10308
10206
10104
9971
9827
9664
9514
9386
9283
9199
10174
11521
11877
11782
11440
11028
10570
10377
10239
10129
9992
9823
9627
9455
9295
9157
9063
9542
10966
11590
11576
11300
10883
10392
10146
10013
9917
9814
9684
9524
9376
9229
9092
8988
9446
10775
11364
11330
11044
10619
10140
9931
9840
9782
9691
9586
9472
9368
9269
9167
9081
9295
10722
11562
11626
11410
11019
10517
10271
10142
10067
9971
9833
9685
9539
9411
9283
9193
9113
10038
11451
11860
11800
11480
11060
10616
10418
10300
10210
10100
9954
9795
9656
9510
9386
9292
9865
11336
11941
11930
11634
11243
10754
10522
10396
10291
10189
10059
9905
9739
9595
9469
9380
9803
11246
11901
11906
11593
11158
10622
10346
10198
10084
9968
9832
9658
9507
9345
9209
9104
9353
10706
11449
11463
11187
10772
10265
10027
9908
9841
9742
9606
9461
9305
9174
9044
8945
9131
10454
11272
11335
11126
10751
10281
10081
9994
9946
9864
9740
9589
9447
9319
9206
9115
9124
10494
11547
11709
11527
11147
10662
10342
10207
10131
10050
9917
9765
9620
9461
9351
9237
9160
9986
11437
11878
11829
11514
11101
10636
10436
10311
10226
10125
9983
9826
9678
9539
9417
9327
9885
11347
11932
11919
11620
11207
10711
10500
10381
10276
10129
9986
9798
9611
9460
9319
9215
9432
10865
11678
11715
11457
11056
10543
10296
10163
10070
9962
9840
9675
9534
9374
9263
9151
9234
10543
11430
11498
11266
10865
10368
10134
10033
9974
9905
9815
9710
9595
9516
9421
9339
9286
10447
11652
11878
11730
11372
10920
10580
10453
10387
10291
10175
10027
9881
9746
9632
9533
9456
10239
11701
12161
12110
11785
